-34.795912, -55.859320
-34.797604, -55.872366
-34.802291, -55.885713
-34.811241, -55.904982
-34.821388, -55.924466
-34.834211, -55.946481
-34.835726, -55.948155
-34.836149, -55.950172
-34.837241, -55.954120
-34.839882, -55.957725
-34.841397, -55.959656
-34.842313, -55.962832
-34.846011, -55.969312
-34.851118, -55.977767
-34.856787, -55.987294
-34.863936, -55.998881
-34.867633, -56.005361
-34.873971, -56.015489
-34.876893, -56.019652
-34.877668, -56.021926
-34.877773, -56.023686
-34.880590, -56.030080
-34.886539, -56.042140
-34.890130, -56.050508
-34.893016, -56.056216
-34.895445, -56.059778
-34.897451, -56.062052
-34.898895, -56.063511
-34.899211, -56.064456
-34.899423, -56.065400
-34.899599, -56.066473
-34.899845, -56.067460
-34.899282, -56.068361
-34.899071, -56.069691
-34.899528, -56.070292
-34.899775, -56.071579
-34.898191, -56.073124
-34.897733, -56.074841
-34.898015, -56.076944
-34.899035, -56.078703
-34.900267, -56.080463
-34.900619, -56.082222
-34.898719, -56.082780
-34.896607, -56.083682
-34.895762, -56.086042
-34.895973, -56.088789
-34.895621, -56.090462
-34.896184, -56.093123
-34.896677, -56.094668
-34.897275, -56.095655
-34.897346, -56.096771
-34.897099, -56.097929
-34.897522, -56.099174
-34.898965, -56.100161
-34.899211, -56.101148
-34.898015, -56.102049
-34.897170, -56.105268
-34.897170, -56.108530
-34.897627, -56.112263
-34.898507, -56.113379
-34.898402, -56.114452
-34.898050, -56.115997
-34.898789, -56.119173
-34.900267, -56.121104
-34.901851, -56.123078
-34.903259, -56.122477
-34.904913, -56.123421
-34.905793, -56.125224
-34.906145, -56.128142
-34.905371, -56.130459
-34.905441, -56.131446
-34.906919, -56.132176
-34.908679, -56.132820
-34.909348, -56.132305
-34.909559, -56.130545
-34.911248, -56.130073
-34.912093, -56.131833
-34.911987, -56.133292
-34.911424, -56.135395
-34.912128, -56.137583
-34.912163, -56.138699
-34.911283, -56.139772
-34.910403, -56.140802
-34.910826, -56.142905
-34.912902, -56.145651
-34.915330, -56.147583
-34.917969, -56.148441
-34.919236, -56.147497
-34.919236, -56.145351
-34.920116, -56.145523
-34.921136, -56.147754
-34.922509, -56.150415
-34.923424, -56.151574
-34.924550, -56.151359
-34.925289, -56.153548
-34.927435, -56.156766
-34.929053, -56.158183
-34.931551, -56.158698
-34.932396, -56.159041
-34.933451, -56.158612
-34.934753, -56.159041
-34.935844, -56.160243
-34.934648, -56.161273
-34.932994, -56.162388
-34.932150, -56.162474
-34.932607, -56.161487
-34.932677, -56.160457
-34.931798, -56.160371
-34.930707, -56.161530
-34.929370, -56.162088
-34.928526, -56.163976
-34.927048, -56.165907
-34.926027, -56.168396
-34.925605, -56.170371
-34.925113, -56.171615
-34.924127, -56.171787
-34.922720, -56.171143
-34.921418, -56.171486
-34.920433, -56.172473
-34.919412, -56.172645
-34.918884, -56.171100
-34.917547, -56.169984
-34.915893, -56.170456
-34.914978, -56.171572
-34.915225, -56.172516
-34.915084, -56.173546
-34.914626, -56.174276
-34.914838, -56.178052
-34.915189, -56.178696
-34.914943, -56.179512
-34.916140, -56.184361
-34.916034, -56.185906
-34.915365, -56.188309
-34.912656, -56.194832
-34.912902, -56.197536
-34.912374, -56.199939
-34.911459, -56.199939
-34.910861, -56.201227
-34.910579, -56.204016
-34.911072, -56.206119
-34.912128, -56.209724
-34.911811, -56.211483
-34.911459, -56.212471
-34.910755, -56.213801
-34.911776, -56.217320
-34.910544, -56.217878
-34.909101, -56.218393
-34.907729, -56.218050
-34.907130, -56.220238
-34.907518, -56.221139
-34.906004, -56.222513
-34.903083, -56.216333
-34.903998, -56.214745
-34.901886, -56.214530
-34.901253, -56.213715
-34.902907, -56.211312
-34.901464, -56.206291
-34.899704, -56.209080
-34.899141, -56.207149
-34.900830, -56.204960
-34.899528, -56.198437
-34.896220, -56.199853
-34.897205, -56.198266
-34.896642, -56.197321
-34.891855, -56.197708
-34.892840, -56.200926
-34.891573, -56.201527
-34.890306, -56.202514
-34.888088, -56.202128
-34.887701, -56.198394
-34.884498, -56.198609
-34.882913, -56.199896
-34.883899, -56.201570
-34.882315, -56.201870
-34.880238, -56.204832
-34.876788, -56.210840
-34.874957, -56.213586
-34.874147, -56.215346
-34.874077, -56.217363
-34.877562, -56.218522
-34.877245, -56.219466
-34.874710, -56.218822
-34.874147, -56.220496
-34.872915, -56.225731
-34.875133, -56.226933
-34.878090, -56.228650
-34.879850, -56.229808
-34.878759, -56.232727
-34.880308, -56.233628
-34.879534, -56.236117
-34.877316, -56.237490
-34.876119, -56.240923
-34.875344, -56.241567
-34.876295, -56.242597
-34.876365, -56.244013
-34.877210, -56.245387
-34.877140, -56.246545
-34.877773, -56.247232
-34.879956, -56.247232
-34.882174, -56.246459
-34.882491, -56.245472
-34.882209, -56.244228
-34.883441, -56.243842
-34.884638, -56.245043
-34.889919, -56.244571
-34.891749, -56.245000
-34.893509, -56.244657
-34.894636, -56.244228
-34.895762, -56.244614
-34.895762, -56.245730
-34.896149, -56.247489
-34.896114, -56.248691
-34.896044, -56.250322
-34.896994, -56.254442
-34.898331, -56.256201
-34.899810, -56.258605
-34.901675, -56.257789
-34.903787, -56.256845
-34.905511, -56.256974
-34.906145, -56.259849
-34.905652, -56.260922
-34.904667, -56.259849
-34.903752, -56.260707
-34.902731, -56.262038
-34.902238, -56.264141
-34.902203, -56.265128
-34.901640, -56.266029
-34.901851, -56.267316
-34.900725, -56.268561
-34.899387, -56.268046
-34.898543, -56.270063
-34.898261, -56.272123
-34.900302, -56.274569
-34.901323, -56.274655
-34.901042, -56.276886
-34.899563, -56.279118
-34.898226, -56.277745
-34.896184, -56.279333
-34.894565, -56.280963
-34.894636, -56.282508
-34.895903, -56.283410
-34.897170, -56.285169
-34.897803, -56.286113
-34.899071, -56.285255
-34.899634, -56.286371
-34.899071, -56.289246
-34.898226, -56.288989
-34.897099, -56.287315
-34.895410, -56.288903
-34.894389, -56.289718
-34.894178, -56.291006
-34.895199, -56.291392
-34.896220, -56.292508
-34.895410, -56.293323
-34.893685, -56.294525
-34.893228, -56.296756
-34.895304, -56.305296
-34.896325, -56.306026
-34.897522, -56.306841
-34.896642, -56.307786
-34.896923, -56.309459
-34.898402, -56.310189
-34.899986, -56.311047
-34.901077, -56.311047
-34.901886, -56.309330
-34.902942, -56.309116
-34.903435, -56.310618
-34.904315, -56.311519
-34.904772, -56.312850
-34.904702, -56.313965
-34.904280, -56.315639
-34.902520, -56.314738
-34.902133, -56.313837
-34.901006, -56.314867
-34.897979, -56.316755
-34.896888, -56.318815
-34.895023, -56.320403
-34.894319, -56.322033
-34.893298, -56.324823
-34.891749, -56.325810
-34.890834, -56.329286
-34.891186, -56.331604
-34.890130, -56.332419
-34.889074, -56.331217
-34.887243, -56.332977
-34.886082, -56.334093
-34.883617, -56.331990
-34.878759, -56.334393
-34.874217, -56.335466
-34.872915, -56.338341
-34.871612, -56.339543
-34.870098, -56.341989
-34.870415, -56.345165
-34.869288, -56.348298
-34.866788, -56.351216
-34.868690, -56.353362
-34.868725, -56.355507
-34.866401, -56.356623
-34.866682, -56.359198
-34.866260, -56.361516
-34.865661, -56.363060
-34.866190, -56.364176
-34.866013, -56.365378
-34.865485, -56.367910
-34.863795, -56.367095
-34.862880, -56.369154
-34.862422, -56.373661
-34.861577, -56.375506
-34.860344, -56.376965
-34.858689, -56.376193
-34.857527, -56.377223
-34.857597, -56.380141
-34.855520, -56.381557
-34.853372, -56.381643
-34.851751, -56.383231
-34.851998, -56.385205
-34.850308, -56.388295
-34.847807, -56.389797
-34.846011, -56.389925
-34.844778, -56.393101
-34.843721, -56.397049
-34.844074, -56.399410
-34.842630, -56.400440
-34.842031, -56.404173
-34.842313, -56.406920
-34.841502, -56.410182
-34.840094, -56.413357
-34.839777, -56.415160
-34.839248, -56.419494
-34.837452, -56.421168
-34.837522, -56.423786
-34.835092, -56.426361
-34.834493, -56.428893
-34.831816, -56.429150
-34.827941, -56.431038
-34.827307, -56.426876
-34.822621, -56.421468
-34.822551, -56.418507
-34.820085, -56.416876
-34.819098, -56.413829
-34.816350, -56.408937
-34.812369, -56.406448
-34.810078, -56.404173
-34.808387, -56.405504
-34.806590, -56.402156
-34.805568, -56.398981
-34.803982, -56.394174
-34.802044, -56.392415
-34.800705, -56.389368
-34.798732, -56.389625
-34.797639, -56.387522
-34.798027, -56.380355
-34.798767, -56.374691
-34.799366, -56.366966
-34.798908, -56.363103
-34.796194, -56.362202
-34.795243, -56.360400
-34.794644, -56.357653
-34.792459, -56.357095
-34.790908, -56.354778
-34.789075, -56.355035
-34.788088, -56.356151
-34.786467, -56.355808
-34.785374, -56.354091
-34.782449, -56.356709
-34.781427, -56.361902
-34.781885, -56.365163
-34.783471, -56.368897
-34.784881, -56.372459
-34.785022, -56.376193
-34.783083, -56.379712
-34.780651, -56.383574
-34.777761, -56.386063
-34.776245, -56.389625
-34.774342, -56.393316
-34.773566, -56.396062
-34.772579, -56.399410
-34.772297, -56.405890
-34.770147, -56.414044
-34.765740, -56.423399
-34.761509, -56.429493
-34.751425, -56.455157
-34.657092, -56.455157
-34.657092, -55.859320
-34.795912, -55.859320